2 0.15685 0.75447 0.311532 0.469565
2 0.388514 0.704711 0.215581 0.45178
2 0.880787 0.77574 0.237058 0.4387
2 0.532286 0.585492 0.0926839 0.218594
2 0.742196 0.554642 0.0511422 0.151882
2 0.614483 0.502444 0.0384495 0.0996813
2 0.703487 0.482633 0.0208707 0.0680358
2 0.15685 0.75447 0.311532 0.469565
2 0.388514 0.704711 0.215581 0.45178
2 0.880787 0.77574 0.237058 0.4387
2 0.532286 0.585492 0.0926839 0.218594
2 0.742196 0.554642 0.0511422 0.151882
2 0.614483 0.502444 0.0384495 0.0996813
2 0.703487 0.482633 0.0208707 0.0680358
