0.578378 0.656685
0.521973 0.653300
0.478576 0.702721
0.549462 0.709044
0.577692 0.469345
0.521363 0.471575
0.477852 0.470776
0.548617 0.467874

0.884956 0.857926
0.760367 0.840875
0.815999 1.067390
1.030593 1.118070
0.882990 0.488317
0.758745 0.491516
0.813205 0.501846
1.026807 0.497484

0.258656 0.956944
0.387035 0.992786
0.498956 0.799261
0.410289 0.786032
0.257727 0.473752
0.385661 0.467946
0.497894 0.470273
0.409431 0.473907

0.757970 0.615071
0.712560 0.613384
0.715596 0.629921
0.766623 0.632247
0.757296 0.469648
0.711936 0.471282
0.714895 0.470937
0.765858 0.469094

0.593876 0.565087
0.626879 0.565458
0.632869 0.555007
0.603509 0.554837
0.593493 0.462879
0.626470 0.461472
0.632505 0.462964
0.603164 0.464190

0.696026 0.526753
0.716188 0.526545
0.712444 0.522768
0.693779 0.522993
0.695762 0.465352
0.715914 0.464566
0.712192 0.465327
0.693534 0.466049

0.312570 1.078998
0.157130 1.044382
-0.833228 2.241168
-0.526862 2.686831
0.311272 0.492502
0.156379 0.497573
-0.826492 0.542018
-0.521891 0.535274

0.746156 0.581024
0.708176 0.580234
0.710976 0.596389
0.754933 0.597672
0.745658 0.472283
0.707710 0.473608
0.710438 0.473534
0.754352 0.472001

0.492209 0.565641
0.482036 0.570362
0.556553 0.571677
0.563344 0.566691
0.491887 0.464742
0.481703 0.464260
0.556160 0.460901
0.562967 0.461575

0.643773 0.539402
0.620504 0.539514
0.616482 0.545594
0.641923 0.545546
0.643485 0.467775
0.620228 0.468677
0.616182 0.468078
0.641608 0.467084

0.578378 0.656685
0.521973 0.653300
0.478576 0.702721
0.549462 0.709044
0.577692 0.469345
0.521363 0.471575
0.477852 0.470776
0.548617 0.467874

0.884956 0.857926
0.760367 0.840875
0.815999 1.067390
1.030593 1.118070
0.882990 0.488317
0.758745 0.491516
0.813205 0.501846
1.026807 0.497484

0.258656 0.956944
0.387035 0.992786
0.498956 0.799261
0.410289 0.786032
0.257727 0.473752
0.385661 0.467946
0.497894 0.470273
0.409431 0.473907

0.757970 0.615071
0.712560 0.613384
0.715596 0.629921
0.766623 0.632247
0.757296 0.469648
0.711936 0.471282
0.714895 0.470937
0.765858 0.469094

0.593876 0.565087
0.626879 0.565458
0.632869 0.555007
0.603509 0.554837
0.593493 0.462879
0.626470 0.461472
0.632505 0.462964
0.603164 0.464190

0.696026 0.526753
0.716188 0.526545
0.712444 0.522768
0.693779 0.522993
0.695762 0.465352
0.715914 0.464566
0.712192 0.465327
0.693534 0.466049

0.312570 1.078998
0.157130 1.044382
-0.833228 2.241168
-0.526862 2.686831
0.311272 0.492502
0.156379 0.497573
-0.826492 0.542018
-0.521891 0.535274

0.746156 0.581024
0.708176 0.580234
0.710976 0.596389
0.754933 0.597672
0.745658 0.472283
0.707710 0.473608
0.710438 0.473534
0.754352 0.472001

0.492209 0.565641
0.482036 0.570362
0.556553 0.571677
0.563344 0.566691
0.491887 0.464742
0.481703 0.464260
0.556160 0.460901
0.562967 0.461575

0.643773 0.539402
0.620504 0.539514
0.616482 0.545594
0.641923 0.545546
0.643485 0.467775
0.620228 0.468677
0.616182 0.468078
0.641608 0.467084

0.578378 0.656685
0.521973 0.653300
0.478576 0.702721
0.549462 0.709044
0.577692 0.469345
0.521363 0.471575
0.477852 0.470776
0.548617 0.467874

0.884956 0.857926
0.760367 0.840875
0.815999 1.067390
1.030593 1.118070
0.882990 0.488317
0.758745 0.491516
0.813205 0.501846
1.026807 0.497484

0.258656 0.956944
0.387035 0.992786
0.498956 0.799261
0.410289 0.786032
0.257727 0.473752
0.385661 0.467946
0.497894 0.470273
0.409431 0.473907

0.757970 0.615071
0.712560 0.613384
0.715596 0.629921
0.766623 0.632247
0.757296 0.469648
0.711936 0.471282
0.714895 0.470937
0.765858 0.469094

0.593876 0.565087
0.626879 0.565458
0.632869 0.555007
0.603509 0.554837
0.593493 0.462879
0.626470 0.461472
0.632505 0.462964
0.603164 0.464190

0.696026 0.526753
0.716188 0.526545
0.712444 0.522768
0.693779 0.522993
0.695762 0.465352
0.715914 0.464566
0.712192 0.465327
0.693534 0.466049

0.312570 1.078998
0.157130 1.044382
-0.833228 2.241168
-0.526862 2.686831
0.311272 0.492502
0.156379 0.497573
-0.826492 0.542018
-0.521891 0.535274

0.746156 0.581024
0.708176 0.580234
0.710976 0.596389
0.754933 0.597672
0.745658 0.472283
0.707710 0.473608
0.710438 0.473534
0.754352 0.472001

0.492209 0.565641
0.482036 0.570362
0.556553 0.571677
0.563344 0.566691
0.491887 0.464742
0.481703 0.464260
0.556160 0.460901
0.562967 0.461575

0.643773 0.539402
0.620504 0.539514
0.616482 0.545594
0.641923 0.545546
0.643485 0.467775
0.620228 0.468677
0.616182 0.468078
0.641608 0.467084

0.578378 0.656685
0.521973 0.653300
0.478576 0.702721
0.549462 0.709044
0.577692 0.469345
0.521363 0.471575
0.477852 0.470776
0.548617 0.467874

0.884956 0.857926
0.760367 0.840875
0.815999 1.067390
1.030593 1.118070
0.882990 0.488317
0.758745 0.491516
0.813205 0.501846
1.026807 0.497484

0.258656 0.956944
0.387035 0.992786
0.498956 0.799261
0.410289 0.786032
0.257727 0.473752
0.385661 0.467946
0.497894 0.470273
0.409431 0.473907

0.757970 0.615071
0.712560 0.613384
0.715596 0.629921
0.766623 0.632247
0.757296 0.469648
0.711936 0.471282
0.714895 0.470937
0.765858 0.469094

0.593876 0.565087
0.626879 0.565458
0.632869 0.555007
0.603509 0.554837
0.593493 0.462879
0.626470 0.461472
0.632505 0.462964
0.603164 0.464190

0.696026 0.526753
0.716188 0.526545
0.712444 0.522768
0.693779 0.522993
0.695762 0.465352
0.715914 0.464566
0.712192 0.465327
0.693534 0.466049

0.312570 1.078998
0.157130 1.044382
-0.833228 2.241168
-0.526862 2.686831
0.311272 0.492502
0.156379 0.497573
-0.826492 0.542018
-0.521891 0.535274

0.746156 0.581024
0.708176 0.580234
0.710976 0.596389
0.754933 0.597672
0.745658 0.472283
0.707710 0.473608
0.710438 0.473534
0.754352 0.472001

0.492209 0.565641
0.482036 0.570362
0.556553 0.571677
0.563344 0.566691
0.491887 0.464742
0.481703 0.464260
0.556160 0.460901
0.562967 0.461575

0.643773 0.539402
0.620504 0.539514
0.616482 0.545594
0.641923 0.545546
0.643485 0.467775
0.620228 0.468677
0.616182 0.468078
0.641608 0.467084

0.578378 0.656685
0.521973 0.653300
0.478576 0.702721
0.549462 0.709044
0.577692 0.469345
0.521363 0.471575
0.477852 0.470776
0.548617 0.467874

0.884956 0.857926
0.760367 0.840875
0.815999 1.067390
1.030593 1.118070
0.882990 0.488317
0.758745 0.491516
0.813205 0.501846
1.026807 0.497484

0.258656 0.956944
0.387035 0.992786
0.498956 0.799261
0.410289 0.786032
0.257727 0.473752
0.385661 0.467946
0.497894 0.470273
0.409431 0.473907

0.757970 0.615071
0.712560 0.613384
0.715596 0.629921
0.766623 0.632247
0.757296 0.469648
0.711936 0.471282
0.714895 0.470937
0.765858 0.469094

0.593876 0.565087
0.626879 0.565458
0.632869 0.555007
0.603509 0.554837
0.593493 0.462879
0.626470 0.461472
0.632505 0.462964
0.603164 0.464190

0.696026 0.526753
0.716188 0.526545
0.712444 0.522768
0.693779 0.522993
0.695762 0.465352
0.715914 0.464566
0.712192 0.465327
0.693534 0.466049

0.312570 1.078998
0.157130 1.044382
-0.833228 2.241168
-0.526862 2.686831
0.311272 0.492502
0.156379 0.497573
-0.826492 0.542018
-0.521891 0.535274

0.746156 0.581024
0.708176 0.580234
0.710976 0.596389
0.754933 0.597672
0.745658 0.472283
0.707710 0.473608
0.710438 0.473534
0.754352 0.472001

0.492209 0.565641
0.482036 0.570362
0.556553 0.571677
0.563344 0.566691
0.491887 0.464742
0.481703 0.464260
0.556160 0.460901
0.562967 0.461575

0.643773 0.539402
0.620504 0.539514
0.616482 0.545594
0.641923 0.545546
0.643485 0.467775
0.620228 0.468677
0.616182 0.468078
0.641608 0.467084

0.578378 0.656685
0.521973 0.653300
0.478576 0.702721
0.549462 0.709044
0.577692 0.469345
0.521363 0.471575
0.477852 0.470776
0.548617 0.467874

0.884956 0.857926
0.760367 0.840875
0.815999 1.067390
1.030593 1.118070
0.882990 0.488317
0.758745 0.491516
0.813205 0.501846
1.026807 0.497484

0.258656 0.956944
0.387035 0.992786
0.498956 0.799261
0.410289 0.786032
0.257727 0.473752
0.385661 0.467946
0.497894 0.470273
0.409431 0.473907

0.757970 0.615071
0.712560 0.613384
0.715596 0.629921
0.766623 0.632247
0.757296 0.469648
0.711936 0.471282
0.714895 0.470937
0.765858 0.469094

0.593876 0.565087
0.626879 0.565458
0.632869 0.555007
0.603509 0.554837
0.593493 0.462879
0.626470 0.461472
0.632505 0.462964
0.603164 0.464190

0.696026 0.526753
0.716188 0.526545
0.712444 0.522768
0.693779 0.522993
0.695762 0.465352
0.715914 0.464566
0.712192 0.465327
0.693534 0.466049

0.312570 1.078998
0.157130 1.044382
-0.833228 2.241168
-0.526862 2.686831
0.311272 0.492502
0.156379 0.497573
-0.826492 0.542018
-0.521891 0.535274

0.746156 0.581024
0.708176 0.580234
0.710976 0.596389
0.754933 0.597672
0.745658 0.472283
0.707710 0.473608
0.710438 0.473534
0.754352 0.472001

0.492209 0.565641
0.482036 0.570362
0.556553 0.571677
0.563344 0.566691
0.491887 0.464742
0.481703 0.464260
0.556160 0.460901
0.562967 0.461575

0.643773 0.539402
0.620504 0.539514
0.616482 0.545594
0.641923 0.545546
0.643485 0.467775
0.620228 0.468677
0.616182 0.468078
0.641608 0.467084

0.578378 0.656685
0.521973 0.653300
0.478576 0.702721
0.549462 0.709044
0.577692 0.469345
0.521363 0.471575
0.477852 0.470776
0.548617 0.467874

0.884956 0.857926
0.760367 0.840875
0.815999 1.067390
1.030593 1.118070
0.882990 0.488317
0.758745 0.491516
0.813205 0.501846
1.026807 0.497484

0.258656 0.956944
0.387035 0.992786
0.498956 0.799261
0.410289 0.786032
0.257727 0.473752
0.385661 0.467946
0.497894 0.470273
0.409431 0.473907

0.757970 0.615071
0.712560 0.613384
0.715596 0.629921
0.766623 0.632247
0.757296 0.469648
0.711936 0.471282
0.714895 0.470937
0.765858 0.469094

0.593876 0.565087
0.626879 0.565458
0.632869 0.555007
0.603509 0.554837
0.593493 0.462879
0.626470 0.461472
0.632505 0.462964
0.603164 0.464190

0.696026 0.526753
0.716188 0.526545
0.712444 0.522768
0.693779 0.522993
0.695762 0.465352
0.715914 0.464566
0.712192 0.465327
0.693534 0.466049

0.312570 1.078998
0.157130 1.044382
-0.833228 2.241168
-0.526862 2.686831
0.311272 0.492502
0.156379 0.497573
-0.826492 0.542018
-0.521891 0.535274

0.746156 0.581024
0.708176 0.580234
0.710976 0.596389
0.754933 0.597672
0.745658 0.472283
0.707710 0.473608
0.710438 0.473534
0.754352 0.472001

0.492209 0.565641
0.482036 0.570362
0.556553 0.571677
0.563344 0.566691
0.491887 0.464742
0.481703 0.464260
0.556160 0.460901
0.562967 0.461575

0.643773 0.539402
0.620504 0.539514
0.616482 0.545594
0.641923 0.545546
0.643485 0.467775
0.620228 0.468677
0.616182 0.468078
0.641608 0.467084

0.578378 0.656685
0.521973 0.653300
0.478576 0.702721
0.549462 0.709044
0.577692 0.469345
0.521363 0.471575
0.477852 0.470776
0.548617 0.467874

0.884956 0.857926
0.760367 0.840875
0.815999 1.067390
1.030593 1.118070
0.882990 0.488317
0.758745 0.491516
0.813205 0.501846
1.026807 0.497484

0.258656 0.956944
0.387035 0.992786
0.498956 0.799261
0.410289 0.786032
0.257727 0.473752
0.385661 0.467946
0.497894 0.470273
0.409431 0.473907

0.757970 0.615071
0.712560 0.613384
0.715596 0.629921
0.766623 0.632247
0.757296 0.469648
0.711936 0.471282
0.714895 0.470937
0.765858 0.469094

0.593876 0.565087
0.626879 0.565458
0.632869 0.555007
0.603509 0.554837
0.593493 0.462879
0.626470 0.461472
0.632505 0.462964
0.603164 0.464190

0.696026 0.526753
0.716188 0.526545
0.712444 0.522768
0.693779 0.522993
0.695762 0.465352
0.715914 0.464566
0.712192 0.465327
0.693534 0.466049

0.312570 1.078998
0.157130 1.044382
-0.833228 2.241168
-0.526862 2.686831
0.311272 0.492502
0.156379 0.497573
-0.826492 0.542018
-0.521891 0.535274

0.746156 0.581024
0.708176 0.580234
0.710976 0.596389
0.754933 0.597672
0.745658 0.472283
0.707710 0.473608
0.710438 0.473534
0.754352 0.472001

0.492209 0.565641
0.482036 0.570362
0.556553 0.571677
0.563344 0.566691
0.491887 0.464742
0.481703 0.464260
0.556160 0.460901
0.562967 0.461575

0.643773 0.539402
0.620504 0.539514
0.616482 0.545594
0.641923 0.545546
0.643485 0.467775
0.620228 0.468677
0.616182 0.468078
0.641608 0.467084

0.578378 0.656685
0.521973 0.653300
0.478576 0.702721
0.549462 0.709044
0.577692 0.469345
0.521363 0.471575
0.477852 0.470776
0.548617 0.467874

0.884956 0.857926
0.760367 0.840875
0.815999 1.067390
1.030593 1.118070
0.882990 0.488317
0.758745 0.491516
0.813205 0.501846
1.026807 0.497484

0.258656 0.956944
0.387035 0.992786
0.498956 0.799261
0.410289 0.786032
0.257727 0.473752
0.385661 0.467946
0.497894 0.470273
0.409431 0.473907

0.757970 0.615071
0.712560 0.613384
0.715596 0.629921
0.766623 0.632247
0.757296 0.469648
0.711936 0.471282
0.714895 0.470937
0.765858 0.469094

0.593876 0.565087
0.626879 0.565458
0.632869 0.555007
0.603509 0.554837
0.593493 0.462879
0.626470 0.461472
0.632505 0.462964
0.603164 0.464190

0.696026 0.526753
0.716188 0.526545
0.712444 0.522768
0.693779 0.522993
0.695762 0.465352
0.715914 0.464566
0.712192 0.465327
0.693534 0.466049

0.312570 1.078998
0.157130 1.044382
-0.833228 2.241168
-0.526862 2.686831
0.311272 0.492502
0.156379 0.497573
-0.826492 0.542018
-0.521891 0.535274

0.746156 0.581024
0.708176 0.580234
0.710976 0.596389
0.754933 0.597672
0.745658 0.472283
0.707710 0.473608
0.710438 0.473534
0.754352 0.472001

0.492209 0.565641
0.482036 0.570362
0.556553 0.571677
0.563344 0.566691
0.491887 0.464742
0.481703 0.464260
0.556160 0.460901
0.562967 0.461575

0.643773 0.539402
0.620504 0.539514
0.616482 0.545594
0.641923 0.545546
0.643485 0.467775
0.620228 0.468677
0.616182 0.468078
0.641608 0.467084

0.578378 0.656685
0.521973 0.653300
0.478576 0.702721
0.549462 0.709044
0.577692 0.469345
0.521363 0.471575
0.477852 0.470776
0.548617 0.467874

0.884956 0.857926
0.760367 0.840875
0.815999 1.067390
1.030593 1.118070
0.882990 0.488317
0.758745 0.491516
0.813205 0.501846
1.026807 0.497484

0.258656 0.956944
0.387035 0.992786
0.498956 0.799261
0.410289 0.786032
0.257727 0.473752
0.385661 0.467946
0.497894 0.470273
0.409431 0.473907

0.757970 0.615071
0.712560 0.613384
0.715596 0.629921
0.766623 0.632247
0.757296 0.469648
0.711936 0.471282
0.714895 0.470937
0.765858 0.469094

0.593876 0.565087
0.626879 0.565458
0.632869 0.555007
0.603509 0.554837
0.593493 0.462879
0.626470 0.461472
0.632505 0.462964
0.603164 0.464190

0.696026 0.526753
0.716188 0.526545
0.712444 0.522768
0.693779 0.522993
0.695762 0.465352
0.715914 0.464566
0.712192 0.465327
0.693534 0.466049

0.312570 1.078998
0.157130 1.044382
-0.833228 2.241168
-0.526862 2.686831
0.311272 0.492502
0.156379 0.497573
-0.826492 0.542018
-0.521891 0.535274

0.746156 0.581024
0.708176 0.580234
0.710976 0.596389
0.754933 0.597672
0.745658 0.472283
0.707710 0.473608
0.710438 0.473534
0.754352 0.472001

0.492209 0.565641
0.482036 0.570362
0.556553 0.571677
0.563344 0.566691
0.491887 0.464742
0.481703 0.464260
0.556160 0.460901
0.562967 0.461575

0.643773 0.539402
0.620504 0.539514
0.616482 0.545594
0.641923 0.545546
0.643485 0.467775
0.620228 0.468677
0.616182 0.468078
0.641608 0.467084

0.578378 0.656685
0.521973 0.653300
0.478576 0.702721
0.549462 0.709044
0.577692 0.469345
0.521363 0.471575
0.477852 0.470776
0.548617 0.467874

0.884956 0.857926
0.760367 0.840875
0.815999 1.067390
1.030593 1.118070
0.882990 0.488317
0.758745 0.491516
0.813205 0.501846
1.026807 0.497484

0.258656 0.956944
0.387035 0.992786
0.498956 0.799261
0.410289 0.786032
0.257727 0.473752
0.385661 0.467946
0.497894 0.470273
0.409431 0.473907

0.757970 0.615071
0.712560 0.613384
0.715596 0.629921
0.766623 0.632247
0.757296 0.469648
0.711936 0.471282
0.714895 0.470937
0.765858 0.469094

0.593876 0.565087
0.626879 0.565458
0.632869 0.555007
0.603509 0.554837
0.593493 0.462879
0.626470 0.461472
0.632505 0.462964
0.603164 0.464190

0.696026 0.526753
0.716188 0.526545
0.712444 0.522768
0.693779 0.522993
0.695762 0.465352
0.715914 0.464566
0.712192 0.465327
0.693534 0.466049

0.312570 1.078998
0.157130 1.044382
-0.833228 2.241168
-0.526862 2.686831
0.311272 0.492502
0.156379 0.497573
-0.826492 0.542018
-0.521891 0.535274

0.746156 0.581024
0.708176 0.580234
0.710976 0.596389
0.754933 0.597672
0.745658 0.472283
0.707710 0.473608
0.710438 0.473534
0.754352 0.472001

0.492209 0.565641
0.482036 0.570362
0.556553 0.571677
0.563344 0.566691
0.491887 0.464742
0.481703 0.464260
0.556160 0.460901
0.562967 0.461575

0.643773 0.539402
0.620504 0.539514
0.616482 0.545594
0.641923 0.545546
0.643485 0.467775
0.620228 0.468677
0.616182 0.468078
0.641608 0.467084

0.578378 0.656685
0.521973 0.653300
0.478576 0.702721
0.549462 0.709044
0.577692 0.469345
0.521363 0.471575
0.477852 0.470776
0.548617 0.467874

0.884956 0.857926
0.760367 0.840875
0.815999 1.067390
1.030593 1.118070
0.882990 0.488317
0.758745 0.491516
0.813205 0.501846
1.026807 0.497484

0.258656 0.956944
0.387035 0.992786
0.498956 0.799261
0.410289 0.786032
0.257727 0.473752
0.385661 0.467946
0.497894 0.470273
0.409431 0.473907

0.757970 0.615071
0.712560 0.613384
0.715596 0.629921
0.766623 0.632247
0.757296 0.469648
0.711936 0.471282
0.714895 0.470937
0.765858 0.469094

0.593876 0.565087
0.626879 0.565458
0.632869 0.555007
0.603509 0.554837
0.593493 0.462879
0.626470 0.461472
0.632505 0.462964
0.603164 0.464190

0.696026 0.526753
0.716188 0.526545
0.712444 0.522768
0.693779 0.522993
0.695762 0.465352
0.715914 0.464566
0.712192 0.465327
0.693534 0.466049

0.312570 1.078998
0.157130 1.044382
-0.833228 2.241168
-0.526862 2.686831
0.311272 0.492502
0.156379 0.497573
-0.826492 0.542018
-0.521891 0.535274

0.746156 0.581024
0.708176 0.580234
0.710976 0.596389
0.754933 0.597672
0.745658 0.472283
0.707710 0.473608
0.710438 0.473534
0.754352 0.472001

0.492209 0.565641
0.482036 0.570362
0.556553 0.571677
0.563344 0.566691
0.491887 0.464742
0.481703 0.464260
0.556160 0.460901
0.562967 0.461575

0.643773 0.539402
0.620504 0.539514
0.616482 0.545594
0.641923 0.545546
0.643485 0.467775
0.620228 0.468677
0.616182 0.468078
0.641608 0.467084

0.578378 0.656685
0.521973 0.653300
0.478576 0.702721
0.549462 0.709044
0.577692 0.469345
0.521363 0.471575
0.477852 0.470776
0.548617 0.467874

0.884956 0.857926
0.760367 0.840875
0.815999 1.067390
1.030593 1.118070
0.882990 0.488317
0.758745 0.491516
0.813205 0.501846
1.026807 0.497484

0.258656 0.956944
0.387035 0.992786
0.498956 0.799261
0.410289 0.786032
0.257727 0.473752
0.385661 0.467946
0.497894 0.470273
0.409431 0.473907

0.757970 0.615071
0.712560 0.613384
0.715596 0.629921
0.766623 0.632247
0.757296 0.469648
0.711936 0.471282
0.714895 0.470937
0.765858 0.469094

0.593876 0.565087
0.626879 0.565458
0.632869 0.555007
0.603509 0.554837
0.593493 0.462879
0.626470 0.461472
0.632505 0.462964
0.603164 0.464190

0.696026 0.526753
0.716188 0.526545
0.712444 0.522768
0.693779 0.522993
0.695762 0.465352
0.715914 0.464566
0.712192 0.465327
0.693534 0.466049

0.312570 1.078998
0.157130 1.044382
-0.833228 2.241168
-0.526862 2.686831
0.311272 0.492502
0.156379 0.497573
-0.826492 0.542018
-0.521891 0.535274

0.746156 0.581024
0.708176 0.580234
0.710976 0.596389
0.754933 0.597672
0.745658 0.472283
0.707710 0.473608
0.710438 0.473534
0.754352 0.472001

0.492209 0.565641
0.482036 0.570362
0.556553 0.571677
0.563344 0.566691
0.491887 0.464742
0.481703 0.464260
0.556160 0.460901
0.562967 0.461575

0.643773 0.539402
0.620504 0.539514
0.616482 0.545594
0.641923 0.545546
0.643485 0.467775
0.620228 0.468677
0.616182 0.468078
0.641608 0.467084

0.578378 0.656685
0.521973 0.653300
0.478576 0.702721
0.549462 0.709044
0.577692 0.469345
0.521363 0.471575
0.477852 0.470776
0.548617 0.467874

0.884956 0.857926
0.760367 0.840875
0.815999 1.067390
1.030593 1.118070
0.882990 0.488317
0.758745 0.491516
0.813205 0.501846
1.026807 0.497484

0.258656 0.956944
0.387035 0.992786
0.498956 0.799261
0.410289 0.786032
0.257727 0.473752
0.385661 0.467946
0.497894 0.470273
0.409431 0.473907

0.757970 0.615071
0.712560 0.613384
0.715596 0.629921
0.766623 0.632247
0.757296 0.469648
0.711936 0.471282
0.714895 0.470937
0.765858 0.469094

0.593876 0.565087
0.626879 0.565458
0.632869 0.555007
0.603509 0.554837
0.593493 0.462879
0.626470 0.461472
0.632505 0.462964
0.603164 0.464190

0.696026 0.526753
0.716188 0.526545
0.712444 0.522768
0.693779 0.522993
0.695762 0.465352
0.715914 0.464566
0.712192 0.465327
0.693534 0.466049

0.312570 1.078998
0.157130 1.044382
-0.833228 2.241168
-0.526862 2.686831
0.311272 0.492502
0.156379 0.497573
-0.826492 0.542018
-0.521891 0.535274

0.746156 0.581024
0.708176 0.580234
0.710976 0.596389
0.754933 0.597672
0.745658 0.472283
0.707710 0.473608
0.710438 0.473534
0.754352 0.472001

0.492209 0.565641
0.482036 0.570362
0.556553 0.571677
0.563344 0.566691
0.491887 0.464742
0.481703 0.464260
0.556160 0.460901
0.562967 0.461575

0.643773 0.539402
0.620504 0.539514
0.616482 0.545594
0.641923 0.545546
0.643485 0.467775
0.620228 0.468677
0.616182 0.468078
0.641608 0.467084

0.578378 0.656685
0.521973 0.653300
0.478576 0.702721
0.549462 0.709044
0.577692 0.469345
0.521363 0.471575
0.477852 0.470776
0.548617 0.467874

0.884956 0.857926
0.760367 0.840875
0.815999 1.067390
1.030593 1.118070
0.882990 0.488317
0.758745 0.491516
0.813205 0.501846
1.026807 0.497484

0.258656 0.956944
0.387035 0.992786
0.498956 0.799261
0.410289 0.786032
0.257727 0.473752
0.385661 0.467946
0.497894 0.470273
0.409431 0.473907

0.757970 0.615071
0.712560 0.613384
0.715596 0.629921
0.766623 0.632247
0.757296 0.469648
0.711936 0.471282
0.714895 0.470937
0.765858 0.469094

0.593876 0.565087
0.626879 0.565458
0.632869 0.555007
0.603509 0.554837
0.593493 0.462879
0.626470 0.461472
0.632505 0.462964
0.603164 0.464190

0.696026 0.526753
0.716188 0.526545
0.712444 0.522768
0.693779 0.522993
0.695762 0.465352
0.715914 0.464566
0.712192 0.465327
0.693534 0.466049

0.312570 1.078998
0.157130 1.044382
-0.833228 2.241168
-0.526862 2.686831
0.311272 0.492502
0.156379 0.497573
-0.826492 0.542018
-0.521891 0.535274

0.746156 0.581024
0.708176 0.580234
0.710976 0.596389
0.754933 0.597672
0.745658 0.472283
0.707710 0.473608
0.710438 0.473534
0.754352 0.472001

0.492209 0.565641
0.482036 0.570362
0.556553 0.571677
0.563344 0.566691
0.491887 0.464742
0.481703 0.464260
0.556160 0.460901
0.562967 0.461575

0.643773 0.539402
0.620504 0.539514
0.616482 0.545594
0.641923 0.545546
0.643485 0.467775
0.620228 0.468677
0.616182 0.468078
0.641608 0.467084

0.578378 0.656685
0.521973 0.653300
0.478576 0.702721
0.549462 0.709044
0.577692 0.469345
0.521363 0.471575
0.477852 0.470776
0.548617 0.467874

0.884956 0.857926
0.760367 0.840875
0.815999 1.067390
1.030593 1.118070
0.882990 0.488317
0.758745 0.491516
0.813205 0.501846
1.026807 0.497484

0.258656 0.956944
0.387035 0.992786
0.498956 0.799261
0.410289 0.786032
0.257727 0.473752
0.385661 0.467946
0.497894 0.470273
0.409431 0.473907

0.757970 0.615071
0.712560 0.613384
0.715596 0.629921
0.766623 0.632247
0.757296 0.469648
0.711936 0.471282
0.714895 0.470937
0.765858 0.469094

0.593876 0.565087
0.626879 0.565458
0.632869 0.555007
0.603509 0.554837
0.593493 0.462879
0.626470 0.461472
0.632505 0.462964
0.603164 0.464190

0.696026 0.526753
0.716188 0.526545
0.712444 0.522768
0.693779 0.522993
0.695762 0.465352
0.715914 0.464566
0.712192 0.465327
0.693534 0.466049

0.312570 1.078998
0.157130 1.044382
-0.833228 2.241168
-0.526862 2.686831
0.311272 0.492502
0.156379 0.497573
-0.826492 0.542018
-0.521891 0.535274

0.746156 0.581024
0.708176 0.580234
0.710976 0.596389
0.754933 0.597672
0.745658 0.472283
0.707710 0.473608
0.710438 0.473534
0.754352 0.472001

0.492209 0.565641
0.482036 0.570362
0.556553 0.571677
0.563344 0.566691
0.491887 0.464742
0.481703 0.464260
0.556160 0.460901
0.562967 0.461575

0.643773 0.539402
0.620504 0.539514
0.616482 0.545594
0.641923 0.545546
0.643485 0.467775
0.620228 0.468677
0.616182 0.468078
0.641608 0.467084

0.659305 0.876537
0.661700 0.842387
0.583826 0.830334
0.574728 0.861896
0.657740 0.419742
0.660269 0.423921
0.582368 0.429163
0.573131 0.425632

0.688493 0.634923
0.710460 0.634674
0.703935 0.627807
0.682934 0.628072
0.687906 0.459598
0.709882 0.458623
0.703379 0.459327
0.682370 0.460257

0.219747 0.741827
0.253210 0.735757
0.254084 0.726754
0.221870 0.732438
0.218577 0.489766
0.252085 0.488337
0.253000 0.488286
0.220744 0.489662

0.053379 0.665327
0.041718 0.671562
0.066619 0.669386
0.077394 0.663260
0.052541 0.501173
0.040846 0.501829
0.065765 0.500740
0.076572 0.500123

0.754551 0.715019
0.785134 0.718499
0.782959 0.704978
0.754031 0.701924
0.753823 0.484701
0.784412 0.483749
0.782275 0.482852
0.753341 0.483770

0.620160 0.693646
0.644980 0.691287
0.633168 0.680411
0.609572 0.682586
0.619336 0.460325
0.644176 0.459341
0.632399 0.460462
0.608784 0.461401

0.387211 0.689502
0.405940 0.682195
0.384094 0.675735
0.365394 0.682563
0.386219 0.452289
0.404992 0.452435
0.383168 0.454432
0.364426 0.454354

0.728404 0.714719
0.723185 0.702946
0.688378 0.701552
0.691775 0.713104
0.727530 0.444479
0.722350 0.445833
0.687529 0.447583
0.690886 0.446335

0.056868 0.721513
0.093582 0.714561
0.098971 0.701955
0.064497 0.708215
0.055491 0.451087
0.092264 0.450610
0.097732 0.452867
0.063204 0.453369

0.178153 0.702548
0.203081 0.693778
0.184602 0.688452
0.159772 0.696753
0.176986 0.457305
0.201973 0.457480
0.183516 0.459244
0.158630 0.459139

0.941853 0.681676
0.927108 0.683388
1.003282 0.712380
1.019714 0.710263
0.941238 0.448875
0.926481 0.449454
1.002620 0.444795
1.019068 0.444159

0.108028 0.688327
0.089090 0.689884
0.046334 0.716942
0.067899 0.715066
0.106872 0.454874
0.087917 0.455527
0.044977 0.452240
0.066564 0.451518

0.994870 0.671464
0.975288 0.664081
0.921071 0.666766
0.938532 0.674270
0.994369 0.470873
0.974797 0.471154
0.920550 0.473484
0.938000 0.473295

0.513418 0.600007
0.466738 0.599729
0.427586 0.631136
0.485108 0.632220
0.512709 0.414786
0.466018 0.417911
0.426665 0.404559
0.484202 0.400333

0.253674 0.641768
0.220613 0.656203
0.335123 0.661166
0.360545 0.645542
0.253053 0.505298
0.219927 0.508175
0.334446 0.504418
0.359934 0.501695

0.479440 0.521260
0.463048 0.522470
0.478832 0.524982
0.496210 0.523653
0.479213 0.463373
0.462816 0.463891
0.478585 0.462110
0.495970 0.461577

0.093915 0.601140
0.063743 0.601125
-0.036271 0.624636
-0.001953 0.624998
0.093346 0.487115
0.063171 0.488490
-0.036984 0.491363
-0.002663 0.489775

0.759925 0.554120
0.769052 0.553889
0.757199 0.550178
0.748540 0.550401
0.759455 0.453003
0.768576 0.452664
0.756754 0.454010
0.748099 0.454331

0.578587 0.644722
0.524749 0.641859
0.482536 0.687953
0.550171 0.693371
0.577951 0.471148
0.524180 0.473224
0.481860 0.472872
0.549388 0.470190

0.261773 0.947969
0.391098 0.979500
0.495407 0.791299
0.407140 0.779811
0.260868 0.481154
0.389769 0.476022
0.494393 0.475550
0.406318 0.478884

0.886422 0.855610
0.757394 0.838097
0.811871 1.065682
1.035469 1.118406
0.884450 0.485531
0.755778 0.489000
0.809078 0.497887
1.031637 0.492932

0.595731 0.565029
0.628601 0.565233
0.632071 0.554500
0.603021 0.554464
0.595344 0.462113
0.628190 0.460728
0.631707 0.462454
0.602676 0.463653

0.318235 1.068067
0.172637 1.028557
-0.659759 1.985254
-0.416288 2.364820
0.316908 0.476719
0.171842 0.482593
-0.655236 0.495024
-0.413046 0.479693

0.750656 0.588402
0.711353 0.587027
0.708358 0.604292
0.753675 0.606363
0.750146 0.477353
0.710878 0.478600
0.707812 0.479498
0.753083 0.478083

0.760390 0.610908
0.715756 0.609006
0.716176 0.624654
0.766116 0.627228
0.759745 0.472118
0.715159 0.473666
0.715510 0.473707
0.765390 0.471977

0.487970 0.555424
0.477430 0.559655
0.558999 0.560604
0.565807 0.556128
0.487669 0.460806
0.477120 0.460117
0.558628 0.456224
0.565451 0.457146

0.694691 0.528294
0.714905 0.528200
0.714091 0.524259
0.695330 0.524387
0.694419 0.465030
0.714623 0.464223
0.713830 0.464900
0.695077 0.465643

0.646401 0.536042
0.624266 0.536031
0.616471 0.541792
0.640559 0.541887
0.646123 0.467175
0.624000 0.468059
0.616184 0.467565
0.640258 0.466592

0.659305 0.876537
0.661700 0.842387
0.583826 0.830334
0.574728 0.861896
0.657740 0.419742
0.660269 0.423921
0.582368 0.429163
0.573131 0.425632

0.688493 0.634923
0.710460 0.634674
0.703935 0.627807
0.682934 0.628072
0.687906 0.459598
0.709882 0.458623
0.703379 0.459327
0.682370 0.460257

0.219747 0.741827
0.253210 0.735757
0.254084 0.726754
0.221870 0.732438
0.218577 0.489766
0.252085 0.488337
0.253000 0.488286
0.220744 0.489662

0.053379 0.665327
0.041718 0.671562
0.066619 0.669386
0.077394 0.663260
0.052541 0.501173
0.040846 0.501829
0.065765 0.500740
0.076572 0.500123

0.754551 0.715019
0.785134 0.718499
0.782959 0.704978
0.754031 0.701924
0.753823 0.484701
0.784412 0.483749
0.782275 0.482852
0.753341 0.483770

0.620160 0.693646
0.644980 0.691287
0.633168 0.680411
0.609572 0.682586
0.619336 0.460325
0.644176 0.459341
0.632399 0.460462
0.608784 0.461401

0.387211 0.689502
0.405940 0.682195
0.384094 0.675735
0.365394 0.682563
0.386219 0.452289
0.404992 0.452435
0.383168 0.454432
0.364426 0.454354

0.728404 0.714719
0.723185 0.702946
0.688378 0.701552
0.691775 0.713104
0.727530 0.444479
0.722350 0.445833
0.687529 0.447583
0.690886 0.446335

0.056868 0.721513
0.093582 0.714561
0.098971 0.701955
0.064497 0.708215
0.055491 0.451087
0.092264 0.450610
0.097732 0.452867
0.063204 0.453369

0.178153 0.702548
0.203081 0.693778
0.184602 0.688452
0.159772 0.696753
0.176986 0.457305
0.201973 0.457480
0.183516 0.459244
0.158630 0.459139

0.941853 0.681676
0.927108 0.683388
1.003282 0.712380
1.019714 0.710263
0.941238 0.448875
0.926481 0.449454
1.002620 0.444795
1.019068 0.444159

0.108028 0.688327
0.089090 0.689884
0.046334 0.716942
0.067899 0.715066
0.106872 0.454874
0.087917 0.455527
0.044977 0.452240
0.066564 0.451518

0.994870 0.671464
0.975288 0.664081
0.921071 0.666766
0.938532 0.674270
0.994369 0.470873
0.974797 0.471154
0.920550 0.473484
0.938000 0.473295

0.513418 0.600007
0.466738 0.599729
0.427586 0.631136
0.485108 0.632220
0.512709 0.414786
0.466018 0.417911
0.426665 0.404559
0.484202 0.400333

0.253674 0.641768
0.220613 0.656203
0.335123 0.661166
0.360545 0.645542
0.253053 0.505298
0.219927 0.508175
0.334446 0.504418
0.359934 0.501695

0.479440 0.521260
0.463048 0.522470
0.478832 0.524982
0.496210 0.523653
0.479213 0.463373
0.462816 0.463891
0.478585 0.462110
0.495970 0.461577

0.093915 0.601140
0.063743 0.601125
-0.036271 0.624636
-0.001953 0.624998
0.093346 0.487115
0.063171 0.488490
-0.036984 0.491363
-0.002663 0.489775

0.759925 0.554120
0.769052 0.553889
0.757199 0.550178
0.748540 0.550401
0.759455 0.453003
0.768576 0.452664
0.756754 0.454010
0.748099 0.454331

0.578587 0.644722
0.524749 0.641859
0.482536 0.687953
0.550171 0.693371
0.577951 0.471148
0.524180 0.473224
0.481860 0.472872
0.549388 0.470190

0.261773 0.947969
0.391098 0.979500
0.495407 0.791299
0.407140 0.779811
0.260868 0.481154
0.389769 0.476022
0.494393 0.475550
0.406318 0.478884

0.886422 0.855610
0.757394 0.838097
0.811871 1.065682
1.035469 1.118406
0.884450 0.485531
0.755778 0.489000
0.809078 0.497887
1.031637 0.492932

0.595731 0.565029
0.628601 0.565233
0.632071 0.554500
0.603021 0.554464
0.595344 0.462113
0.628190 0.460728
0.631707 0.462454
0.602676 0.463653

0.318235 1.068067
0.172637 1.028557
-0.659759 1.985254
-0.416288 2.364820
0.316908 0.476719
0.171842 0.482593
-0.655236 0.495024
-0.413046 0.479693

0.750656 0.588402
0.711353 0.587027
0.708358 0.604292
0.753675 0.606363
0.750146 0.477353
0.710878 0.478600
0.707812 0.479498
0.753083 0.478083

0.760390 0.610908
0.715756 0.609006
0.716176 0.624654
0.766116 0.627228
0.759745 0.472118
0.715159 0.473666
0.715510 0.473707
0.765390 0.471977

0.487970 0.555424
0.477430 0.559655
0.558999 0.560604
0.565807 0.556128
0.487669 0.460806
0.477120 0.460117
0.558628 0.456224
0.565451 0.457146

0.694691 0.528294
0.714905 0.528200
0.714091 0.524259
0.695330 0.524387
0.694419 0.465030
0.714623 0.464223
0.713830 0.464900
0.695077 0.465643

0.646401 0.536042
0.624266 0.536031
0.616471 0.541792
0.640559 0.541887
0.646123 0.467175
0.624000 0.468059
0.616184 0.467565
0.640258 0.466592

0.759925 0.554120
0.769052 0.553889
0.757199 0.550178
0.748540 0.550401
0.759455 0.453003
0.768576 0.452664
0.756754 0.454010
0.748099 0.454331

0.578587 0.644722
0.524749 0.641859
0.482536 0.687953
0.550171 0.693371
0.577951 0.471148
0.524180 0.473224
0.481860 0.472872
0.549388 0.470190

0.261773 0.947969
0.391098 0.979500
0.495407 0.791299
0.407140 0.779811
0.260868 0.481154
0.389769 0.476022
0.494393 0.475550
0.406318 0.478884

0.886422 0.855610
0.757394 0.838097
0.811871 1.065682
1.035469 1.118406
0.884450 0.485531
0.755778 0.489000
0.809078 0.497887
1.031637 0.492932

0.595731 0.565029
0.628601 0.565233
0.632071 0.554500
0.603021 0.554464
0.595344 0.462113
0.628190 0.460728
0.631707 0.462454
0.602676 0.463653

0.318235 1.068067
0.172637 1.028557
-0.659759 1.985254
-0.416288 2.364820
0.316908 0.476719
0.171842 0.482593
-0.655236 0.495024
-0.413046 0.479693

0.750656 0.588402
0.711353 0.587027
0.708358 0.604292
0.753675 0.606363
0.750146 0.477353
0.710878 0.478600
0.707812 0.479498
0.753083 0.478083

0.760390 0.610908
0.715756 0.609006
0.716176 0.624654
0.766116 0.627228
0.759745 0.472118
0.715159 0.473666
0.715510 0.473707
0.765390 0.471977

0.487970 0.555424
0.477430 0.559655
0.558999 0.560604
0.565807 0.556128
0.487669 0.460806
0.477120 0.460117
0.558628 0.456224
0.565451 0.457146

0.694691 0.528294
0.714905 0.528200
0.714091 0.524259
0.695330 0.524387
0.694419 0.465030
0.714623 0.464223
0.713830 0.464900
0.695077 0.465643

0.646401 0.536042
0.624266 0.536031
0.616471 0.541792
0.640559 0.541887
0.646123 0.467175
0.624000 0.468059
0.616184 0.467565
0.640258 0.466592

